[Engine]
ResolutionX=100
DataFolder=Meshes
ResolutionY=100
FontX=8
FontY=8
Bounces=1
ShowFps=true
[Player]
Start=732.230408,2135.261719,40.318531
Direction=0.433450,-0.850699,0.297375
